30222
14495
30906
29130
22006
22426
27116
4553
4412
26065
2169
23789
23225
7981
27885
27383
30338
31768
6257
26412
29395
22015
17808
7996
956
22409
31175
9174
28041
13460
9167
22280
10738
26100
21161
1111
13319
25834
20845
24226
9946
8806
13267
32695
6889
13821
8062
17842
28242
168
24076
10778
25525
16194
991
28346
17384
18623
14248
15423
28254
29741
26296
3734
1108
25197
29190
2819
6849
10158
8191
7169
7931
4269
24337
28381
23081
32685
9461
12049
16236
7480
30400
7009
28876
22676
26025
20663
9957
29700
3224
26303
26446
6340
23155
14914
13772
11969
13607
323
14292
31553
31031
24528
16792
11126
1314
24998
8502
21741
25425
9505
26649
10283
6255
19051
23059
26719
16182
1549
3098
18802
15239
27605
12994
8914
842
31875
23678
766
6408
25142
5014
28626
5193
1945
9191
24464
21423
30156
94
14002
13519
9492
1075
22130
28115
11331
3045
2069
25808
31462
8696
20731
8424
2608
15217
31592
12575
12457
16398
24592
9470
1174
23109
15460
29418
31015
19203
8607
26689
8803
15649
18575
32569
19412
21670
22052
13945
19954
30143
23738
18037
20048
32639
9766
20618
22152
30295
4738
25565
28135
23123
6073
29683
8665
9498
11729
7440
10515
