30222
14495
30906
29130
22006
22426
27116
4553
4412
26065
2169
23789
23225
7981
27885
27383
30338
31768
6257
26412
29395
22015
17808
7996
956
22409
31175
9174
28041
13460
9167
22280
10738
26100
21161
1111
13319
25834
20845
24226
9946
8806
13267
32695
6889
13821
8062
17842
28242
168
24076
10778
25525
16194
991
28346
17384
18623
14248
15423
28254
29741
26296
3734
1108
25197
29190
2819
6849
10158
8191
7169
7931
4269
24337
28381
23081
32685
9461
12049
16236
7480
30400
7009
28876
22676
26025
20663
9957
29700
3224
26303
26446
6340
23155
14914
13772
11969
13607
323
