14292
31553
31031
24528
16792
11126
1314
24998
8502
21741
25425
9505
26649
10283
6255
19051
23059
26719
16182
1549
3098
18802
15239
27605
12994
8914
842
31875
23678
766
6408
25142
5014
28626
5193
1945
9191
24464
21423
30156
94
14002
13519
9492
1075
22130
28115
11331
3045
2069
25808
31462
8696
20731
8424
2608
15217
31592
12575
12457
16398
24592
9470
1174
23109
15460
29418
31015
19203
8607
26689
8803
15649
18575
32569
19412
21670
22052
13945
19954
30143
23738
18037
20048
32639
9766
20618
22152
30295
4738
25565
28135
23123
6073
29683
8665
9498
11729
7440
10515
